1 
95 129 171 118 101 126 152 78 150 167 
20 159 160 141 105 127 54 193 90 83 
184 188 182 18 26 197 150 69 29 156 
63 76 50 143 198 119 44 75 22 121 
25 140 92 183 100 184 40 26 37 51 
32 68 71 167 7 5 137 3 106 5 
183 62 68 11 63 162 8 134 5 83 
155 77 59 95 76 121 41 146 104 80 
171 93 63 190 163 182 196 167 118 199 
73 122 181 86 141 143 148 103 151 1 
81 59 185 188 88 43 34 8 83 179 
111 115 149 155 129 91 118 62 86 36 
179 84 60 53 26 17 145 145 159 45 
199 61 77 10 45 16 97 39 49 104 
74 27 166 188 128 121 68 18 190 51 
130 103 177 60 139 37 64 107 133 9 
17 129 159 30 158 168 74 125 64 113 
174 119 138 152 76 37 77 31 109 144 
48 50 25 103 26 85 193 14 148 99 
99 108 67 179 67 96 88 186 122 